    0.000000        0.550000
    0.016112       -0.240000
   -0.012984       -0.034781
   -0.078184        0.081502
   -0.165049       -0.004468
   -0.256250        0.024506
   -0.334451        0.061870
   -0.385157        0.039381
   -0.399094        0.049722
   -0.373718        0.043332
   -0.313634        0.037634
   -0.229841        0.021693
   -0.137939        0.011567
   -0.055566        0.005417
    0.000506       -0.004479
    0.017174       -0.017426
   -0.012761        0.003709
   -0.089271        0.009696
   -0.204921        0.024107
   -0.345856        0.051605
   -0.493813        0.049680
   -0.628844        0.091532
   -0.732331        0.081291
   -0.789814        0.103117
   -0.793203        0.090096
   -0.742010        0.084180
   -0.643430        0.076438
   -0.511236        0.048697
   -0.363677        0.030882
   -0.220699        0.012161
   -0.100932       -0.001863
   -0.018906       -0.003510
    0.017073       -0.011194
    0.006047       -0.011786
   -0.045633        0.007094
   -0.125489        0.024905
   -0.217059        0.021172
   -0.302652        0.041829
   -0.366266        0.039310
   -0.396214        0.043521
   -0.387036        0.049141
   -0.340388        0.043535
   -0.264774        0.024006
   -0.174155        0.017827
   -0.085665       -0.000815
   -0.016793        0.006365
    0.017517       -0.001727
    0.007394       -0.016463
   -0.050233       -0.000320
   -0.150954        0.018586
   -0.283395        0.040842
   -0.430825        0.060495
   -0.573639        0.077572
   -0.692301        0.081013
   -0.770306        0.089102
   -0.796704        0.087897
   -0.767768        0.092298
   -0.687564        0.076470
   -0.567334        0.057110
   -0.423772        0.037020
   -0.276482        0.016789
   -0.145005        0.008785
   -0.045879        0.003334
    0.009803       -0.008295
    0.017959       -0.006207
   -0.018016        0.004127
   -0.087982        0.010739
   -0.176826        0.021157
   -0.267011        0.036284
   -0.341486        0.047306
   -0.386490        0.040112
   -0.393799        0.053700
   -0.362076        0.046660
   -0.297084        0.018661
   -0.210747        0.023839
   -0.119201        0.018923
   -0.040145       -0.008280
    0.010080       -0.004002
    0.019228       -0.000916
   -0.018747       -0.000327
   -0.102552        0.007944
   -0.223573        0.030994
   -0.367050        0.036247
   -0.514231        0.065959
   -0.645181        0.087838
   -0.741794        0.082154
   -0.790550        0.103875
   -0.784581        0.084347
   -0.724719        0.072196
   -0.619371        0.069267
   -0.483235        0.049280
   -0.335050        0.021246
   -0.194752        0.015838
   -0.080464        0.003693
   -0.005792       -0.005972
    0.022144       -0.006652
    0.003649       -0.003013
   -0.053782        0.014275
   -0.136829        0.009276
   -0.228623        0.021952
   -0.311552        0.048923
   -0.370172        0.043555
   -0.393735        0.040446
   -0.377945        0.047761
   -0.325662        0.042706
   -0.246430        0.015458
   -0.154925        0.005183
   -0.068545        0.002780
   -0.004551        0.001313
    0.022810       -0.016735
    0.004711        0.004570
   -0.060674       -0.001287
   -0.167696        0.026464
   -0.303941        0.028276
   -0.452003        0.054400
   -0.592076        0.072948
   -0.704933        0.080943
   -0.774846        0.100444
   -0.791990        0.091760
   -0.753939        0.093398
   -0.666045        0.069946
   -0.540610        0.062188
   -0.395015        0.038230
   -0.249065        0.011003
   -0.121993        0.010958
   -0.029574       -0.006172
    0.018197       -0.005969
    0.018496       -0.013780
   -0.024067        0.005175
   -0.098366        0.012448
   -0.188686        0.031190
   -0.277366        0.041928
   -0.347723        0.033355
   -0.386787        0.058778
   -0.387431        0.049488
   -0.349526        0.030233
   -0.279968        0.022914
   -0.191549        0.031222
   -0.100866        0.006389
   -0.025596        0.001208
    0.018431       -0.019746
    0.019886       -0.002265
   -0.026092        0.008105
   -0.116946        0.012704
   -0.242917        0.037963
   -0.388398        0.043980
   -0.534232        0.063708
   -0.660582        0.090714
   -0.749934        0.096538
   -0.789767        0.095528
   -0.774464        0.090706
